random	n_interactions	number_observed
1	71	85
2	55	85
3	63	85
4	70	85
5	51	85
6	57	85
7	65	85
8	66	85
9	64	85
10	62	85
11	58	85
12	73	85
13	64	85
14	61	85
15	53	85
16	57	85
17	67	85
18	58	85
19	80	85
20	61	85
21	67	85
22	75	85
23	61	85
24	57	85
25	60	85
26	60	85
27	66	85
28	69	85
29	66	85
30	58	85
31	60	85
32	69	85
33	57	85
34	53	85
35	62	85
36	63	85
37	59	85
38	65	85
39	68	85
40	66	85
41	58	85
42	57	85
43	62	85
44	65	85
45	67	85
46	62	85
47	65	85
48	59	85
49	49	85
50	68	85
51	54	85
52	70	85
53	62	85
54	68	85
55	61	85
56	64	85
57	79	85
58	60	85
59	67	85
60	54	85
61	72	85
62	61	85
63	58	85
64	61	85
65	55	85
66	72	85
67	65	85
68	68	85
69	71	85
70	65	85
71	59	85
72	62	85
73	63	85
74	63	85
75	56	85
76	62	85
77	53	85
78	66	85
79	64	85
80	59	85
81	62	85
82	70	85
83	52	85
84	55	85
85	77	85
86	70	85
87	58	85
88	62	85
89	62	85
90	64	85
91	69	85
92	72	85
93	56	85
94	55	85
95	62	85
96	70	85
97	64	85
98	64	85
99	56	85
100	55	85
101	46	85
102	70	85
103	59	85
104	77	85
105	63	85
106	55	85
107	63	85
108	63	85
109	65	85
110	65	85
111	66	85
112	63	85
113	62	85
114	56	85
115	62	85
116	63	85
117	74	85
118	69	85
119	58	85
120	61	85
121	62	85
122	72	85
123	70	85
124	57	85
125	63	85
126	66	85
127	60	85
128	66	85
129	51	85
130	67	85
131	79	85
132	62	85
133	64	85
134	54	85
135	66	85
136	62	85
137	61	85
138	73	85
139	67	85
140	57	85
141	68	85
142	51	85
143	56	85
144	71	85
145	66	85
146	77	85
147	70	85
148	67	85
149	51	85
150	48	85
151	61	85
152	69	85
153	63	85
154	58	85
155	75	85
156	58	85
157	79	85
158	70	85
159	66	85
160	58	85
161	56	85
162	60	85
163	71	85
164	51	85
165	51	85
166	64	85
167	70	85
168	60	85
169	79	85
170	55	85
171	62	85
172	46	85
173	54	85
174	65	85
175	52	85
176	60	85
177	62	85
178	60	85
179	76	85
180	65	85
181	58	85
182	61	85
183	69	85
184	63	85
185	67	85
186	55	85
187	63	85
188	65	85
189	64	85
190	69	85
191	69	85
192	66	85
193	83	85
194	77	85
195	63	85
196	65	85
197	72	85
198	55	85
199	53	85
200	60	85
201	56	85
202	71	85
203	55	85
204	65	85
205	65	85
206	67	85
207	71	85
208	72	85
209	65	85
210	78	85
211	62	85
212	55	85
213	65	85
214	63	85
215	60	85
216	68	85
217	57	85
218	67	85
219	52	85
220	53	85
221	54	85
222	66	85
223	59	85
224	73	85
225	59	85
226	79	85
227	68	85
228	52	85
229	71	85
230	70	85
231	56	85
232	67	85
233	60	85
234	58	85
235	58	85
236	81	85
237	57	85
238	58	85
239	65	85
240	56	85
241	65	85
242	63	85
243	57	85
244	65	85
245	48	85
246	64	85
247	58	85
248	73	85
249	61	85
250	61	85
251	64	85
252	58	85
253	62	85
254	66	85
255	58	85
256	66	85
257	64	85
258	57	85
259	56	85
260	60	85
261	59	85
262	58	85
263	70	85
264	69	85
265	67	85
266	53	85
267	60	85
268	63	85
269	59	85
270	74	85
271	60	85
272	61	85
273	56	85
274	63	85
275	69	85
276	59	85
277	62	85
278	76	85
279	69	85
280	67	85
281	63	85
282	68	85
283	53	85
284	59	85
285	62	85
286	81	85
287	56	85
288	56	85
289	60	85
290	51	85
291	56	85
292	63	85
293	66	85
294	60	85
295	52	85
296	73	85
297	59	85
298	58	85
299	45	85
300	63	85
301	58	85
302	66	85
303	55	85
304	64	85
305	54	85
306	72	85
307	64	85
308	56	85
309	60	85
310	58	85
311	56	85
312	62	85
313	63	85
314	72	85
315	59	85
316	74	85
317	63	85
318	54	85
319	61	85
320	55	85
321	61	85
322	61	85
323	68	85
324	67	85
325	67	85
326	63	85
327	61	85
328	64	85
329	64	85
330	59	85
331	54	85
332	59	85
333	58	85
334	57	85
335	65	85
336	69	85
337	69	85
338	53	85
339	59	85
340	66	85
341	56	85
342	67	85
343	66	85
344	58	85
345	61	85
346	58	85
347	56	85
348	69	85
349	70	85
350	60	85
351	56	85
352	60	85
353	79	85
354	63	85
355	69	85
356	48	85
357	62	85
358	65	85
359	56	85
360	58	85
361	73	85
362	69	85
363	56	85
364	53	85
365	59	85
366	58	85
367	59	85
368	48	85
369	72	85
370	66	85
371	73	85
372	63	85
373	60	85
374	66	85
375	57	85
376	66	85
377	55	85
378	46	85
379	72	85
380	58	85
381	61	85
382	67	85
383	63	85
384	49	85
385	62	85
386	67	85
387	55	85
388	61	85
389	73	85
390	63	85
391	68	85
392	82	85
393	53	85
394	76	85
395	72	85
396	70	85
397	59	85
398	55	85
399	67	85
400	49	85
401	66	85
402	60	85
403	81	85
404	74	85
405	55	85
406	71	85
407	67	85
408	61	85
409	51	85
410	72	85
411	63	85
412	63	85
413	64	85
414	59	85
415	69	85
416	57	85
417	59	85
418	53	85
419	66	85
420	51	85
421	66	85
422	67	85
423	69	85
424	66	85
425	65	85
426	67	85
427	48	85
428	64	85
429	56	85
430	50	85
431	75	85
432	71	85
433	59	85
434	60	85
435	54	85
436	56	85
437	69	85
438	71	85
439	65	85
440	70	85
441	62	85
442	72	85
443	63	85
444	63	85
445	61	85
446	71	85
447	57	85
448	58	85
449	63	85
450	68	85
451	62	85
452	57	85
453	60	85
454	65	85
455	61	85
456	58	85
457	65	85
458	63	85
459	66	85
460	62	85
461	46	85
462	71	85
463	71	85
464	63	85
465	62	85
466	62	85
467	66	85
468	64	85
469	77	85
470	66	85
471	58	85
472	63	85
473	50	85
474	60	85
475	67	85
476	63	85
477	62	85
478	71	85
479	68	85
480	76	85
481	58	85
482	64	85
483	74	85
484	72	85
485	72	85
486	64	85
487	51	85
488	71	85
489	80	85
490	60	85
491	61	85
492	62	85
493	60	85
494	58	85
495	64	85
496	73	85
497	66	85
498	55	85
499	70	85
500	65	85
501	52	85
502	66	85
503	59	85
504	59	85
505	70	85
506	63	85
507	63	85
508	56	85
509	53	85
510	54	85
511	67	85
512	64	85
513	66	85
514	73	85
515	59	85
516	49	85
517	60	85
518	64	85
519	60	85
520	70	85
521	60	85
522	59	85
523	58	85
524	56	85
525	73	85
526	57	85
527	57	85
528	58	85
529	63	85
530	69	85
531	58	85
532	59	85
533	71	85
534	78	85
535	65	85
536	72	85
537	54	85
538	56	85
539	57	85
540	48	85
541	64	85
542	70	85
543	73	85
544	62	85
545	56	85
546	81	85
547	67	85
548	60	85
549	68	85
550	59	85
551	64	85
552	69	85
553	59	85
554	49	85
555	60	85
556	63	85
557	65	85
558	63	85
559	61	85
560	62	85
561	64	85
562	69	85
563	62	85
564	58	85
565	68	85
566	62	85
567	75	85
568	63	85
569	60	85
570	50	85
571	58	85
572	59	85
573	65	85
574	83	85
575	54	85
576	53	85
577	63	85
578	58	85
579	55	85
580	61	85
581	64	85
582	54	85
583	71	85
584	69	85
585	66	85
586	66	85
587	63	85
588	66	85
589	53	85
590	56	85
591	69	85
592	57	85
593	65	85
594	57	85
595	64	85
596	66	85
597	65	85
598	63	85
599	66	85
600	67	85
601	59	85
602	57	85
603	76	85
604	56	85
605	57	85
606	76	85
607	64	85
608	75	85
609	76	85
610	62	85
611	71	85
612	59	85
613	79	85
614	58	85
615	77	85
616	86	85
617	63	85
618	61	85
619	54	85
620	68	85
621	64	85
622	62	85
623	58	85
624	62	85
625	51	85
626	59	85
627	72	85
628	57	85
629	66	85
630	58	85
631	49	85
632	66	85
633	54	85
634	55	85
635	59	85
636	59	85
637	62	85
638	53	85
639	58	85
640	65	85
641	51	85
642	67	85
643	69	85
644	66	85
645	54	85
646	57	85
647	60	85
648	65	85
649	66	85
650	68	85
651	67	85
652	60	85
653	71	85
654	68	85
655	64	85
656	67	85
657	64	85
658	66	85
659	64	85
660	64	85
661	64	85
662	60	85
663	63	85
664	51	85
665	72	85
666	58	85
667	73	85
668	69	85
669	67	85
670	55	85
671	61	85
672	73	85
673	60	85
674	69	85
675	59	85
676	62	85
677	64	85
678	60	85
679	63	85
680	57	85
681	68	85
682	68	85
683	50	85
684	57	85
685	56	85
686	59	85
687	64	85
688	67	85
689	59	85
690	54	85
691	65	85
692	69	85
693	59	85
694	54	85
695	58	85
696	58	85
697	64	85
698	56	85
699	63	85
700	62	85
701	61	85
702	56	85
703	67	85
704	52	85
705	65	85
706	55	85
707	74	85
708	71	85
709	46	85
710	50	85
711	85	85
712	67	85
713	62	85
714	61	85
715	51	85
716	72	85
717	62	85
718	76	85
719	61	85
720	72	85
721	57	85
722	73	85
723	58	85
724	48	85
725	60	85
726	66	85
727	72	85
728	59	85
729	52	85
730	53	85
731	57	85
732	61	85
733	64	85
734	65	85
735	71	85
736	67	85
737	62	85
738	53	85
739	54	85
740	63	85
741	67	85
742	64	85
743	69	85
744	63	85
745	64	85
746	71	85
747	63	85
748	57	85
749	64	85
750	55	85
751	59	85
752	54	85
753	75	85
754	69	85
755	52	85
756	59	85
757	73	85
758	67	85
759	55	85
760	71	85
761	59	85
762	62	85
763	66	85
764	60	85
765	62	85
766	59	85
767	56	85
768	66	85
769	55	85
770	70	85
771	62	85
772	71	85
773	59	85
774	61	85
775	65	85
776	65	85
777	66	85
778	75	85
779	59	85
780	56	85
781	62	85
782	60	85
783	66	85
784	59	85
785	62	85
786	68	85
787	69	85
788	73	85
789	59	85
790	61	85
791	71	85
792	62	85
793	59	85
794	62	85
795	64	85
796	57	85
797	68	85
798	58	85
799	66	85
800	73	85
801	64	85
802	71	85
803	63	85
804	51	85
805	64	85
806	74	85
807	58	85
808	79	85
809	54	85
810	73	85
811	54	85
812	58	85
813	59	85
814	75	85
815	59	85
816	69	85
817	73	85
818	57	85
819	70	85
820	68	85
821	72	85
822	70	85
823	58	85
824	64	85
825	61	85
826	68	85
827	66	85
828	50	85
829	59	85
830	57	85
831	65	85
832	63	85
833	56	85
834	65	85
835	58	85
836	69	85
837	62	85
838	77	85
839	57	85
840	64	85
841	67	85
842	65	85
843	67	85
844	54	85
845	60	85
846	55	85
847	55	85
848	58	85
849	70	85
850	63	85
851	69	85
852	69	85
853	61	85
854	55	85
855	49	85
856	55	85
857	45	85
858	64	85
859	79	85
860	61	85
861	49	85
862	58	85
863	74	85
864	76	85
865	57	85
866	62	85
867	52	85
868	63	85
869	71	85
870	51	85
871	55	85
872	65	85
873	65	85
874	72	85
875	70	85
876	70	85
877	82	85
878	78	85
879	70	85
880	58	85
881	55	85
882	62	85
883	49	85
884	61	85
885	67	85
886	56	85
887	57	85
888	60	85
889	62	85
890	72	85
891	56	85
892	68	85
893	68	85
894	54	85
895	59	85
896	64	85
897	66	85
898	64	85
899	71	85
900	52	85
901	74	85
902	62	85
903	69	85
904	64	85
905	59	85
906	57	85
907	47	85
908	72	85
909	59	85
910	69	85
911	72	85
912	53	85
913	63	85
914	87	85
915	56	85
916	61	85
917	59	85
918	65	85
919	61	85
920	61	85
921	53	85
922	62	85
923	58	85
924	65	85
925	77	85
926	60	85
927	61	85
928	68	85
929	61	85
930	61	85
931	62	85
932	59	85
933	76	85
934	61	85
935	66	85
936	62	85
937	62	85
938	50	85
939	72	85
940	84	85
941	58	85
942	58	85
943	65	85
944	56	85
945	45	85
946	59	85
947	73	85
948	72	85
949	62	85
950	54	85
951	73	85
952	69	85
953	56	85
954	68	85
955	70	85
956	65	85
957	58	85
958	46	85
959	65	85
960	52	85
961	64	85
962	70	85
963	56	85
964	76	85
965	69	85
966	65	85
967	75	85
968	62	85
969	64	85
970	72	85
971	51	85
972	65	85
973	61	85
974	65	85
975	56	85
976	65	85
977	73	85
978	76	85
979	65	85
980	70	85
981	68	85
982	66	85
983	62	85
984	55	85
985	68	85
986	59	85
987	70	85
988	57	85
989	65	85
990	51	85
991	72	85
992	68	85
993	64	85
994	70	85
995	61	85
996	51	85
997	47	85
998	56	85
999	56	85
1000	66	85
