random	n_interactions	number_observed
1	33	33
2	34	33
3	28	33
4	31	33
5	32	33
6	28	33
7	31	33
8	30	33
9	29	33
10	27	33
11	27	33
12	25	33
13	30	33
14	28	33
15	30	33
16	29	33
17	30	33
18	28	33
19	29	33
20	27	33
21	26	33
22	30	33
23	32	33
24	28	33
25	31	33
26	33	33
27	29	33
28	33	33
29	26	33
30	35	33
31	30	33
32	31	33
33	32	33
34	31	33
35	29	33
36	32	33
37	29	33
38	28	33
39	32	33
40	31	33
41	31	33
42	34	33
43	28	33
44	35	33
45	31	33
46	32	33
47	32	33
48	32	33
49	24	33
50	30	33
51	28	33
52	29	33
53	32	33
54	26	33
55	32	33
56	31	33
57	31	33
58	28	33
59	28	33
60	33	33
61	27	33
62	30	33
63	31	33
64	29	33
65	34	33
66	28	33
67	33	33
68	32	33
69	28	33
70	31	33
71	28	33
72	31	33
73	31	33
74	31	33
75	30	33
76	29	33
77	30	33
78	30	33
79	27	33
80	30	33
81	32	33
82	29	33
83	28	33
84	30	33
85	23	33
86	26	33
87	29	33
88	33	33
89	30	33
90	26	33
91	32	33
92	31	33
93	32	33
94	34	33
95	26	33
96	33	33
97	32	33
98	32	33
99	31	33
100	31	33
101	27	33
102	28	33
103	26	33
104	27	33
105	30	33
106	30	33
107	29	33
108	32	33
109	31	33
110	31	33
111	29	33
112	35	33
113	25	33
114	35	33
115	31	33
116	33	33
117	29	33
118	38	33
119	25	33
120	28	33
121	28	33
122	27	33
123	29	33
124	31	33
125	30	33
126	27	33
127	27	33
128	31	33
129	29	33
130	26	33
131	28	33
132	32	33
133	23	33
134	28	33
135	26	33
136	27	33
137	26	33
138	28	33
139	30	33
140	33	33
141	33	33
142	30	33
143	33	33
144	30	33
145	29	33
146	25	33
147	30	33
148	34	33
149	31	33
150	31	33
151	29	33
152	31	33
153	31	33
154	31	33
155	28	33
156	26	33
157	29	33
158	31	33
159	22	33
160	25	33
161	28	33
162	27	33
163	28	33
164	28	33
165	28	33
166	36	33
167	30	33
168	33	33
169	30	33
170	30	33
171	29	33
172	29	33
173	32	33
174	26	33
175	31	33
176	26	33
177	28	33
178	29	33
179	29	33
180	29	33
181	27	33
182	27	33
183	27	33
184	31	33
185	29	33
186	33	33
187	31	33
188	30	33
189	29	33
190	30	33
191	27	33
192	30	33
193	30	33
194	26	33
195	30	33
196	29	33
197	31	33
198	27	33
199	29	33
200	29	33
201	30	33
202	27	33
203	31	33
204	25	33
205	29	33
206	31	33
207	25	33
208	28	33
209	31	33
210	31	33
211	31	33
212	34	33
213	26	33
214	30	33
215	31	33
216	30	33
217	29	33
218	27	33
219	31	33
220	37	33
221	32	33
222	33	33
223	28	33
224	34	33
225	35	33
226	34	33
227	28	33
228	28	33
229	26	33
230	34	33
231	28	33
232	33	33
233	28	33
234	26	33
235	30	33
236	28	33
237	31	33
238	28	33
239	25	33
240	32	33
241	20	33
242	30	33
243	31	33
244	30	33
245	33	33
246	31	33
247	28	33
248	30	33
249	24	33
250	30	33
251	30	33
252	31	33
253	34	33
254	29	33
255	35	33
256	26	33
257	26	33
258	26	33
259	28	33
260	26	33
261	39	33
262	30	33
263	30	33
264	26	33
265	31	33
266	29	33
267	30	33
268	30	33
269	31	33
270	31	33
271	33	33
272	27	33
273	32	33
274	29	33
275	30	33
276	31	33
277	30	33
278	30	33
279	28	33
280	29	33
281	30	33
282	26	33
283	30	33
284	29	33
285	29	33
286	36	33
287	27	33
288	29	33
289	35	33
290	27	33
291	29	33
292	29	33
293	28	33
294	31	33
295	32	33
296	31	33
297	31	33
298	24	33
299	29	33
300	34	33
301	28	33
302	33	33
303	30	33
304	29	33
305	31	33
306	28	33
307	27	33
308	27	33
309	26	33
310	27	33
311	33	33
312	27	33
313	31	33
314	34	33
315	21	33
316	29	33
317	32	33
318	28	33
319	27	33
320	28	33
321	28	33
322	27	33
323	25	33
324	29	33
325	30	33
326	28	33
327	29	33
328	31	33
329	31	33
330	32	33
331	28	33
332	29	33
333	31	33
334	34	33
335	26	33
336	25	33
337	29	33
338	36	33
339	31	33
340	31	33
341	30	33
342	31	33
343	28	33
344	28	33
345	28	33
346	31	33
347	29	33
348	26	33
349	26	33
350	25	33
351	27	33
352	31	33
353	32	33
354	33	33
355	27	33
356	28	33
357	26	33
358	33	33
359	31	33
360	31	33
361	31	33
362	27	33
363	30	33
364	28	33
365	24	33
366	30	33
367	31	33
368	34	33
369	30	33
370	28	33
371	24	33
372	32	33
373	31	33
374	28	33
375	33	33
376	30	33
377	33	33
378	36	33
379	25	33
380	29	33
381	28	33
382	30	33
383	32	33
384	30	33
385	27	33
386	29	33
387	29	33
388	30	33
389	29	33
390	30	33
391	23	33
392	26	33
393	29	33
394	28	33
395	29	33
396	32	33
397	29	33
398	32	33
399	25	33
400	31	33
401	23	33
402	25	33
403	30	33
404	25	33
405	29	33
406	27	33
407	34	33
408	26	33
409	28	33
410	33	33
411	31	33
412	27	33
413	26	33
414	30	33
415	28	33
416	27	33
417	26	33
418	26	33
419	27	33
420	25	33
421	26	33
422	28	33
423	22	33
424	31	33
425	32	33
426	27	33
427	28	33
428	32	33
429	29	33
430	31	33
431	31	33
432	26	33
433	27	33
434	27	33
435	32	33
436	33	33
437	33	33
438	32	33
439	25	33
440	29	33
441	32	33
442	32	33
443	26	33
444	33	33
445	27	33
446	26	33
447	27	33
448	31	33
449	28	33
450	33	33
451	28	33
452	27	33
453	25	33
454	26	33
455	34	33
456	27	33
457	27	33
458	27	33
459	21	33
460	29	33
461	31	33
462	27	33
463	33	33
464	29	33
465	32	33
466	30	33
467	28	33
468	25	33
469	29	33
470	24	33
471	31	33
472	29	33
473	30	33
474	30	33
475	29	33
476	32	33
477	31	33
478	27	33
479	29	33
480	29	33
481	29	33
482	27	33
483	33	33
484	26	33
485	29	33
486	30	33
487	33	33
488	26	33
489	31	33
490	30	33
491	26	33
492	27	33
493	29	33
494	26	33
495	31	33
496	31	33
497	26	33
498	27	33
499	34	33
500	29	33
501	29	33
502	28	33
503	36	33
504	24	33
505	25	33
506	31	33
507	31	33
508	29	33
509	26	33
510	33	33
511	30	33
512	31	33
513	28	33
514	32	33
515	26	33
516	26	33
517	30	33
518	28	33
519	24	33
520	31	33
521	25	33
522	31	33
523	30	33
524	26	33
525	23	33
526	29	33
527	30	33
528	34	33
529	26	33
530	33	33
531	32	33
532	29	33
533	29	33
534	30	33
535	31	33
536	30	33
537	32	33
538	24	33
539	30	33
540	30	33
541	29	33
542	27	33
543	31	33
544	24	33
545	31	33
546	29	33
547	33	33
548	31	33
549	28	33
550	32	33
551	29	33
552	30	33
553	30	33
554	33	33
555	29	33
556	24	33
557	27	33
558	34	33
559	26	33
560	28	33
561	28	33
562	30	33
563	32	33
564	29	33
565	28	33
566	30	33
567	29	33
568	31	33
569	30	33
570	30	33
571	28	33
572	29	33
573	25	33
574	32	33
575	32	33
576	27	33
577	27	33
578	29	33
579	24	33
580	30	33
581	28	33
582	26	33
583	27	33
584	27	33
585	26	33
586	29	33
587	34	33
588	32	33
589	32	33
590	27	33
591	32	33
592	28	33
593	31	33
594	21	33
595	30	33
596	30	33
597	29	33
598	30	33
599	33	33
600	26	33
601	28	33
602	29	33
603	27	33
604	28	33
605	30	33
606	34	33
607	30	33
608	28	33
609	32	33
610	25	33
611	30	33
612	25	33
613	33	33
614	33	33
615	30	33
616	27	33
617	28	33
618	33	33
619	28	33
620	27	33
621	31	33
622	31	33
623	33	33
624	25	33
625	35	33
626	32	33
627	30	33
628	26	33
629	30	33
630	28	33
631	28	33
632	24	33
633	26	33
634	33	33
635	26	33
636	25	33
637	28	33
638	30	33
639	30	33
640	31	33
641	28	33
642	28	33
643	33	33
644	26	33
645	27	33
646	25	33
647	29	33
648	27	33
649	29	33
650	31	33
651	27	33
652	31	33
653	33	33
654	31	33
655	31	33
656	29	33
657	27	33
658	34	33
659	26	33
660	31	33
661	30	33
662	28	33
663	28	33
664	27	33
665	26	33
666	28	33
667	29	33
668	28	33
669	27	33
670	31	33
671	31	33
672	24	33
673	31	33
674	32	33
675	27	33
676	26	33
677	33	33
678	28	33
679	29	33
680	35	33
681	32	33
682	34	33
683	26	33
684	31	33
685	33	33
686	31	33
687	29	33
688	26	33
689	25	33
690	29	33
691	31	33
692	30	33
693	25	33
694	32	33
695	21	33
696	30	33
697	28	33
698	29	33
699	32	33
700	29	33
701	33	33
702	24	33
703	34	33
704	30	33
705	29	33
706	31	33
707	24	33
708	27	33
709	28	33
710	27	33
711	27	33
712	33	33
713	32	33
714	30	33
715	27	33
716	28	33
717	32	33
718	32	33
719	31	33
720	30	33
721	30	33
722	28	33
723	30	33
724	31	33
725	34	33
726	29	33
727	29	33
728	28	33
729	32	33
730	25	33
731	30	33
732	31	33
733	32	33
734	28	33
735	30	33
736	35	33
737	33	33
738	27	33
739	29	33
740	31	33
741	28	33
742	31	33
743	30	33
744	31	33
745	29	33
746	34	33
747	25	33
748	29	33
749	28	33
750	30	33
751	34	33
752	30	33
753	34	33
754	33	33
755	31	33
756	26	33
757	28	33
758	31	33
759	31	33
760	29	33
761	33	33
762	30	33
763	28	33
764	28	33
765	25	33
766	26	33
767	28	33
768	29	33
769	30	33
770	28	33
771	31	33
772	30	33
773	32	33
774	28	33
775	30	33
776	28	33
777	29	33
778	29	33
779	32	33
780	33	33
781	29	33
782	32	33
783	28	33
784	32	33
785	28	33
786	26	33
787	34	33
788	24	33
789	29	33
790	26	33
791	30	33
792	28	33
793	32	33
794	33	33
795	31	33
796	29	33
797	28	33
798	27	33
799	28	33
800	32	33
801	33	33
802	29	33
803	26	33
804	36	33
805	34	33
806	28	33
807	32	33
808	32	33
809	31	33
810	26	33
811	31	33
812	30	33
813	31	33
814	31	33
815	28	33
816	27	33
817	34	33
818	28	33
819	33	33
820	32	33
821	28	33
822	31	33
823	32	33
824	32	33
825	28	33
826	30	33
827	25	33
828	26	33
829	31	33
830	31	33
831	26	33
832	29	33
833	28	33
834	34	33
835	31	33
836	28	33
837	30	33
838	31	33
839	29	33
840	28	33
841	27	33
842	30	33
843	27	33
844	28	33
845	28	33
846	29	33
847	30	33
848	33	33
849	32	33
850	31	33
851	32	33
852	30	33
853	33	33
854	31	33
855	34	33
856	32	33
857	31	33
858	29	33
859	31	33
860	32	33
861	29	33
862	26	33
863	32	33
864	28	33
865	30	33
866	31	33
867	28	33
868	34	33
869	24	33
870	32	33
871	32	33
872	26	33
873	28	33
874	34	33
875	26	33
876	29	33
877	29	33
878	29	33
879	26	33
880	31	33
881	31	33
882	27	33
883	30	33
884	28	33
885	30	33
886	26	33
887	31	33
888	28	33
889	24	33
890	33	33
891	32	33
892	30	33
893	34	33
894	27	33
895	31	33
896	28	33
897	29	33
898	28	33
899	27	33
900	28	33
901	28	33
902	27	33
903	26	33
904	29	33
905	27	33
906	29	33
907	26	33
908	30	33
909	30	33
910	29	33
911	29	33
912	27	33
913	31	33
914	33	33
915	27	33
916	28	33
917	34	33
918	31	33
919	33	33
920	24	33
921	27	33
922	29	33
923	27	33
924	28	33
925	31	33
926	27	33
927	24	33
928	20	33
929	31	33
930	29	33
931	30	33
932	25	33
933	30	33
934	28	33
935	32	33
936	33	33
937	33	33
938	30	33
939	33	33
940	31	33
941	29	33
942	31	33
943	32	33
944	27	33
945	25	33
946	31	33
947	32	33
948	33	33
949	29	33
950	27	33
951	23	33
952	31	33
953	30	33
954	27	33
955	25	33
956	32	33
957	32	33
958	28	33
959	31	33
960	31	33
961	30	33
962	24	33
963	30	33
964	29	33
965	30	33
966	27	33
967	29	33
968	33	33
969	32	33
970	26	33
971	25	33
972	28	33
973	23	33
974	26	33
975	31	33
976	30	33
977	29	33
978	29	33
979	32	33
980	28	33
981	27	33
982	27	33
983	32	33
984	33	33
985	26	33
986	29	33
987	30	33
988	26	33
989	28	33
990	26	33
991	30	33
992	30	33
993	29	33
994	29	33
995	25	33
996	33	33
997	32	33
998	28	33
999	27	33
1000	31	33
