random	n_interactions	number_observed
1	44	44
2	39	44
3	37	44
4	38	44
5	50	44
6	39	44
7	36	44
8	37	44
9	30	44
10	34	44
11	35	44
12	50	44
13	38	44
14	36	44
15	40	44
16	48	44
17	44	44
18	30	44
19	46	44
20	54	44
21	37	44
22	42	44
23	39	44
24	36	44
25	37	44
26	37	44
27	43	44
28	48	44
29	45	44
30	39	44
31	36	44
32	42	44
33	40	44
34	51	44
35	40	44
36	43	44
37	40	44
38	42	44
39	33	44
40	57	44
41	39	44
42	46	44
43	31	44
44	37	44
45	46	44
46	32	44
47	41	44
48	47	44
49	44	44
50	36	44
51	41	44
52	32	44
53	50	44
54	35	44
55	26	44
56	42	44
57	39	44
58	39	44
59	34	44
60	36	44
61	49	44
62	44	44
63	36	44
64	31	44
65	56	44
66	48	44
67	37	44
68	26	44
69	40	44
70	33	44
71	48	44
72	38	44
73	35	44
74	41	44
75	38	44
76	56	44
77	48	44
78	42	44
79	42	44
80	44	44
81	51	44
82	32	44
83	44	44
84	48	44
85	43	44
86	46	44
87	37	44
88	33	44
89	39	44
90	57	44
91	51	44
92	33	44
93	42	44
94	35	44
95	38	44
96	43	44
97	37	44
98	33	44
99	38	44
100	40	44
101	43	44
102	42	44
103	45	44
104	37	44
105	42	44
106	44	44
107	44	44
108	40	44
109	39	44
110	40	44
111	41	44
112	38	44
113	45	44
114	34	44
115	35	44
116	39	44
117	57	44
118	43	44
119	33	44
120	37	44
121	39	44
122	40	44
123	45	44
124	35	44
125	51	44
126	37	44
127	43	44
128	31	44
129	33	44
130	33	44
131	37	44
132	41	44
133	41	44
134	46	44
135	33	44
136	38	44
137	40	44
138	30	44
139	41	44
140	32	44
141	42	44
142	30	44
143	35	44
144	38	44
145	41	44
146	36	44
147	41	44
148	49	44
149	36	44
150	44	44
151	40	44
152	38	44
153	39	44
154	39	44
155	41	44
156	38	44
157	33	44
158	41	44
159	46	44
160	39	44
161	51	44
162	50	44
163	36	44
164	35	44
165	50	44
166	35	44
167	39	44
168	42	44
169	42	44
170	32	44
171	33	44
172	40	44
173	49	44
174	40	44
175	43	44
176	38	44
177	36	44
178	44	44
179	41	44
180	32	44
181	39	44
182	35	44
183	50	44
184	41	44
185	55	44
186	34	44
187	29	44
188	44	44
189	33	44
190	42	44
191	32	44
192	41	44
193	34	44
194	51	44
195	37	44
196	40	44
197	44	44
198	39	44
199	39	44
200	36	44
201	34	44
202	35	44
203	41	44
204	48	44
205	39	44
206	44	44
207	41	44
208	47	44
209	45	44
210	46	44
211	39	44
212	42	44
213	36	44
214	39	44
215	38	44
216	34	44
217	32	44
218	41	44
219	47	44
220	45	44
221	40	44
222	38	44
223	37	44
224	37	44
225	37	44
226	39	44
227	34	44
228	54	44
229	38	44
230	27	44
231	43	44
232	34	44
233	32	44
234	49	44
235	41	44
236	32	44
237	42	44
238	27	44
239	40	44
240	28	44
241	46	44
242	38	44
243	41	44
244	43	44
245	44	44
246	36	44
247	29	44
248	50	44
249	37	44
250	41	44
251	37	44
252	48	44
253	36	44
254	45	44
255	35	44
256	41	44
257	49	44
258	37	44
259	47	44
260	34	44
261	39	44
262	36	44
263	42	44
264	39	44
265	42	44
266	61	44
267	44	44
268	45	44
269	39	44
270	38	44
271	31	44
272	41	44
273	41	44
274	54	44
275	43	44
276	42	44
277	37	44
278	37	44
279	32	44
280	30	44
281	32	44
282	39	44
283	29	44
284	37	44
285	41	44
286	44	44
287	47	44
288	35	44
289	39	44
290	34	44
291	33	44
292	41	44
293	42	44
294	43	44
295	43	44
296	36	44
297	33	44
298	35	44
299	37	44
300	35	44
301	41	44
302	37	44
303	35	44
304	41	44
305	52	44
306	33	44
307	36	44
308	41	44
309	41	44
310	36	44
311	39	44
312	35	44
313	39	44
314	41	44
315	29	44
316	42	44
317	37	44
318	50	44
319	36	44
320	37	44
321	34	44
322	35	44
323	46	44
324	33	44
325	44	44
326	39	44
327	34	44
328	50	44
329	50	44
330	37	44
331	42	44
332	44	44
333	37	44
334	37	44
335	44	44
336	42	44
337	47	44
338	40	44
339	33	44
340	40	44
341	40	44
342	43	44
343	45	44
344	42	44
345	35	44
346	35	44
347	46	44
348	53	44
349	28	44
350	42	44
351	49	44
352	38	44
353	40	44
354	37	44
355	43	44
356	40	44
357	50	44
358	43	44
359	39	44
360	40	44
361	45	44
362	48	44
363	49	44
364	37	44
365	51	44
366	41	44
367	49	44
368	33	44
369	36	44
370	42	44
371	54	44
372	41	44
373	34	44
374	37	44
375	48	44
376	39	44
377	35	44
378	49	44
379	43	44
380	42	44
381	48	44
382	37	44
383	33	44
384	44	44
385	33	44
386	47	44
387	36	44
388	37	44
389	33	44
390	32	44
391	35	44
392	36	44
393	40	44
394	37	44
395	43	44
396	42	44
397	39	44
398	41	44
399	39	44
400	44	44
401	37	44
402	34	44
403	36	44
404	47	44
405	43	44
406	33	44
407	46	44
408	40	44
409	45	44
410	61	44
411	38	44
412	38	44
413	40	44
414	34	44
415	39	44
416	50	44
417	44	44
418	43	44
419	32	44
420	40	44
421	30	44
422	44	44
423	43	44
424	40	44
425	30	44
426	45	44
427	31	44
428	42	44
429	34	44
430	39	44
431	39	44
432	33	44
433	38	44
434	29	44
435	39	44
436	38	44
437	41	44
438	44	44
439	26	44
440	39	44
441	36	44
442	36	44
443	33	44
444	38	44
445	38	44
446	40	44
447	43	44
448	40	44
449	41	44
450	25	44
451	38	44
452	39	44
453	48	44
454	33	44
455	43	44
456	31	44
457	42	44
458	43	44
459	42	44
460	39	44
461	44	44
462	41	44
463	37	44
464	39	44
465	49	44
466	39	44
467	43	44
468	46	44
469	37	44
470	35	44
471	43	44
472	42	44
473	38	44
474	41	44
475	47	44
476	35	44
477	39	44
478	38	44
479	35	44
480	43	44
481	28	44
482	35	44
483	42	44
484	37	44
485	45	44
486	40	44
487	49	44
488	43	44
489	44	44
490	32	44
491	49	44
492	47	44
493	43	44
494	50	44
495	38	44
496	37	44
497	46	44
498	48	44
499	47	44
500	32	44
501	37	44
502	41	44
503	43	44
504	33	44
505	50	44
506	44	44
507	32	44
508	36	44
509	40	44
510	36	44
511	38	44
512	40	44
513	49	44
514	41	44
515	44	44
516	34	44
517	43	44
518	45	44
519	43	44
520	37	44
521	39	44
522	41	44
523	33	44
524	50	44
525	41	44
526	43	44
527	41	44
528	33	44
529	30	44
530	57	44
531	51	44
532	42	44
533	45	44
534	52	44
535	23	44
536	37	44
537	40	44
538	38	44
539	36	44
540	31	44
541	51	44
542	45	44
543	36	44
544	30	44
545	48	44
546	43	44
547	38	44
548	49	44
549	37	44
550	50	44
551	40	44
552	33	44
553	38	44
554	32	44
555	51	44
556	35	44
557	33	44
558	33	44
559	29	44
560	36	44
561	38	44
562	30	44
563	35	44
564	44	44
565	45	44
566	43	44
567	41	44
568	29	44
569	36	44
570	29	44
571	53	44
572	46	44
573	42	44
574	33	44
575	55	44
576	34	44
577	42	44
578	47	44
579	35	44
580	38	44
581	50	44
582	42	44
583	37	44
584	38	44
585	42	44
586	49	44
587	38	44
588	42	44
589	45	44
590	36	44
591	41	44
592	43	44
593	36	44
594	49	44
595	43	44
596	36	44
597	39	44
598	44	44
599	46	44
600	31	44
601	36	44
602	34	44
603	35	44
604	37	44
605	37	44
606	49	44
607	42	44
608	40	44
609	52	44
610	29	44
611	48	44
612	46	44
613	40	44
614	40	44
615	42	44
616	36	44
617	39	44
618	38	44
619	41	44
620	45	44
621	35	44
622	43	44
623	37	44
624	42	44
625	35	44
626	36	44
627	34	44
628	55	44
629	36	44
630	37	44
631	52	44
632	28	44
633	39	44
634	42	44
635	40	44
636	42	44
637	45	44
638	35	44
639	60	44
640	38	44
641	37	44
642	39	44
643	45	44
644	40	44
645	40	44
646	46	44
647	47	44
648	41	44
649	50	44
650	38	44
651	43	44
652	48	44
653	39	44
654	53	44
655	40	44
656	39	44
657	39	44
658	42	44
659	28	44
660	33	44
661	36	44
662	38	44
663	37	44
664	30	44
665	35	44
666	41	44
667	54	44
668	54	44
669	43	44
670	38	44
671	39	44
672	33	44
673	48	44
674	35	44
675	39	44
676	42	44
677	36	44
678	41	44
679	50	44
680	41	44
681	42	44
682	36	44
683	40	44
684	28	44
685	25	44
686	49	44
687	37	44
688	43	44
689	38	44
690	37	44
691	41	44
692	34	44
693	39	44
694	41	44
695	42	44
696	53	44
697	34	44
698	37	44
699	35	44
700	42	44
701	36	44
702	43	44
703	49	44
704	38	44
705	55	44
706	41	44
707	41	44
708	36	44
709	32	44
710	42	44
711	45	44
712	35	44
713	31	44
714	41	44
715	42	44
716	38	44
717	32	44
718	48	44
719	34	44
720	47	44
721	40	44
722	35	44
723	40	44
724	35	44
725	41	44
726	37	44
727	51	44
728	28	44
729	36	44
730	41	44
731	41	44
732	40	44
733	35	44
734	44	44
735	38	44
736	39	44
737	39	44
738	34	44
739	39	44
740	47	44
741	42	44
742	44	44
743	34	44
744	38	44
745	46	44
746	40	44
747	45	44
748	34	44
749	37	44
750	42	44
751	40	44
752	34	44
753	39	44
754	33	44
755	30	44
756	41	44
757	36	44
758	35	44
759	40	44
760	38	44
761	32	44
762	38	44
763	32	44
764	31	44
765	38	44
766	38	44
767	42	44
768	41	44
769	33	44
770	39	44
771	29	44
772	43	44
773	40	44
774	34	44
775	43	44
776	34	44
777	41	44
778	33	44
779	36	44
780	42	44
781	32	44
782	49	44
783	37	44
784	38	44
785	40	44
786	40	44
787	38	44
788	33	44
789	42	44
790	36	44
791	41	44
792	49	44
793	40	44
794	34	44
795	44	44
796	37	44
797	30	44
798	38	44
799	27	44
800	49	44
801	42	44
802	38	44
803	37	44
804	36	44
805	42	44
806	36	44
807	40	44
808	34	44
809	42	44
810	34	44
811	36	44
812	42	44
813	39	44
814	41	44
815	42	44
816	28	44
817	49	44
818	41	44
819	33	44
820	45	44
821	33	44
822	31	44
823	39	44
824	38	44
825	41	44
826	36	44
827	42	44
828	39	44
829	46	44
830	35	44
831	40	44
832	40	44
833	33	44
834	35	44
835	32	44
836	42	44
837	43	44
838	43	44
839	38	44
840	29	44
841	41	44
842	40	44
843	44	44
844	45	44
845	35	44
846	40	44
847	42	44
848	26	44
849	42	44
850	45	44
851	46	44
852	35	44
853	47	44
854	42	44
855	44	44
856	39	44
857	39	44
858	38	44
859	29	44
860	34	44
861	35	44
862	47	44
863	38	44
864	39	44
865	37	44
866	42	44
867	33	44
868	50	44
869	31	44
870	37	44
871	39	44
872	40	44
873	44	44
874	40	44
875	36	44
876	38	44
877	44	44
878	47	44
879	32	44
880	36	44
881	38	44
882	40	44
883	40	44
884	32	44
885	47	44
886	45	44
887	30	44
888	39	44
889	37	44
890	29	44
891	40	44
892	37	44
893	32	44
894	39	44
895	34	44
896	27	44
897	40	44
898	42	44
899	36	44
900	32	44
901	35	44
902	39	44
903	38	44
904	42	44
905	36	44
906	38	44
907	51	44
908	41	44
909	42	44
910	47	44
911	36	44
912	48	44
913	42	44
914	39	44
915	47	44
916	42	44
917	46	44
918	47	44
919	45	44
920	41	44
921	40	44
922	46	44
923	44	44
924	42	44
925	36	44
926	50	44
927	32	44
928	40	44
929	42	44
930	41	44
931	41	44
932	37	44
933	33	44
934	44	44
935	38	44
936	40	44
937	37	44
938	45	44
939	41	44
940	45	44
941	40	44
942	36	44
943	45	44
944	34	44
945	36	44
946	35	44
947	35	44
948	42	44
949	44	44
950	46	44
951	50	44
952	38	44
953	40	44
954	35	44
955	47	44
956	35	44
957	38	44
958	46	44
959	34	44
960	29	44
961	40	44
962	38	44
963	44	44
964	46	44
965	39	44
966	40	44
967	42	44
968	40	44
969	39	44
970	37	44
971	37	44
972	41	44
973	39	44
974	32	44
975	32	44
976	34	44
977	44	44
978	39	44
979	42	44
980	50	44
981	40	44
982	44	44
983	28	44
984	42	44
985	32	44
986	44	44
987	39	44
988	47	44
989	43	44
990	31	44
991	34	44
992	43	44
993	43	44
994	42	44
995	33	44
996	44	44
997	31	44
998	33	44
999	51	44
1000	39	44
