random	n_interactions	number_observed
1	13	32
2	29	32
3	18	32
4	19	32
5	15	32
6	16	32
7	15	32
8	17	32
9	17	32
10	14	32
11	20	32
12	15	32
13	16	32
14	12	32
15	17	32
16	20	32
17	14	32
18	21	32
19	15	32
20	22	32
21	16	32
22	17	32
23	10	32
24	23	32
25	14	32
26	12	32
27	13	32
28	19	32
29	19	32
30	16	32
31	16	32
32	16	32
33	22	32
34	19	32
35	14	32
36	10	32
37	15	32
38	15	32
39	11	32
40	19	32
41	19	32
42	14	32
43	15	32
44	17	32
45	15	32
46	10	32
47	8	32
48	14	32
49	19	32
50	23	32
51	14	32
52	16	32
53	12	32
54	13	32
55	14	32
56	14	32
57	14	32
58	25	32
59	10	32
60	15	32
61	12	32
62	14	32
63	16	32
64	19	32
65	14	32
66	16	32
67	17	32
68	14	32
69	17	32
70	14	32
71	15	32
72	24	32
73	14	32
74	15	32
75	21	32
76	17	32
77	18	32
78	17	32
79	13	32
80	15	32
81	33	32
82	13	32
83	11	32
84	8	32
85	15	32
86	13	32
87	15	32
88	20	32
89	17	32
90	12	32
91	11	32
92	14	32
93	18	32
94	9	32
95	10	32
96	15	32
97	12	32
98	14	32
99	9	32
100	17	32
101	13	32
102	13	32
103	9	32
104	9	32
105	14	32
106	17	32
107	13	32
108	15	32
109	23	32
110	9	32
111	20	32
112	18	32
113	16	32
114	10	32
115	15	32
116	21	32
117	15	32
118	15	32
119	21	32
120	9	32
121	15	32
122	22	32
123	14	32
124	16	32
125	15	32
126	10	32
127	14	32
128	21	32
129	11	32
130	13	32
131	13	32
132	16	32
133	14	32
134	14	32
135	17	32
136	13	32
137	29	32
138	20	32
139	13	32
140	12	32
141	14	32
142	19	32
143	12	32
144	9	32
145	17	32
146	19	32
147	13	32
148	16	32
149	10	32
150	21	32
151	20	32
152	7	32
153	13	32
154	11	32
155	11	32
156	16	32
157	14	32
158	15	32
159	13	32
160	14	32
161	17	32
162	12	32
163	23	32
164	19	32
165	19	32
166	15	32
167	21	32
168	21	32
169	18	32
170	16	32
171	15	32
172	18	32
173	23	32
174	16	32
175	6	32
176	21	32
177	14	32
178	13	32
179	13	32
180	21	32
181	20	32
182	12	32
183	21	32
184	12	32
185	21	32
186	16	32
187	12	32
188	14	32
189	19	32
190	13	32
191	17	32
192	12	32
193	19	32
194	13	32
195	10	32
196	15	32
197	21	32
198	25	32
199	8	32
200	20	32
201	13	32
202	12	32
203	10	32
204	10	32
205	14	32
206	18	32
207	15	32
208	12	32
209	19	32
210	14	32
211	15	32
212	16	32
213	10	32
214	10	32
215	11	32
216	12	32
217	10	32
218	13	32
219	14	32
220	18	32
221	19	32
222	19	32
223	15	32
224	19	32
225	19	32
226	15	32
227	13	32
228	16	32
229	12	32
230	25	32
231	19	32
232	13	32
233	12	32
234	15	32
235	10	32
236	10	32
237	15	32
238	11	32
239	21	32
240	13	32
241	15	32
242	23	32
243	13	32
244	16	32
245	12	32
246	15	32
247	16	32
248	13	32
249	23	32
250	12	32
251	16	32
252	17	32
253	10	32
254	11	32
255	16	32
256	20	32
257	17	32
258	14	32
259	12	32
260	16	32
261	12	32
262	15	32
263	20	32
264	14	32
265	12	32
266	14	32
267	18	32
268	20	32
269	16	32
270	16	32
271	19	32
272	15	32
273	14	32
274	14	32
275	17	32
276	18	32
277	15	32
278	14	32
279	15	32
280	16	32
281	13	32
282	15	32
283	9	32
284	17	32
285	22	32
286	15	32
287	17	32
288	13	32
289	16	32
290	18	32
291	13	32
292	13	32
293	21	32
294	11	32
295	17	32
296	26	32
297	22	32
298	17	32
299	11	32
300	11	32
301	20	32
302	17	32
303	18	32
304	19	32
305	26	32
306	24	32
307	14	32
308	23	32
309	12	32
310	15	32
311	13	32
312	10	32
313	18	32
314	17	32
315	15	32
316	11	32
317	21	32
318	8	32
319	20	32
320	11	32
321	13	32
322	18	32
323	17	32
324	13	32
325	20	32
326	12	32
327	11	32
328	21	32
329	17	32
330	19	32
331	17	32
332	17	32
333	17	32
334	14	32
335	16	32
336	22	32
337	12	32
338	26	32
339	20	32
340	14	32
341	10	32
342	17	32
343	18	32
344	11	32
345	16	32
346	12	32
347	13	32
348	21	32
349	18	32
350	13	32
351	10	32
352	15	32
353	24	32
354	11	32
355	10	32
356	14	32
357	17	32
358	25	32
359	10	32
360	12	32
361	23	32
362	15	32
363	20	32
364	17	32
365	15	32
366	17	32
367	14	32
368	10	32
369	23	32
370	18	32
371	17	32
372	12	32
373	16	32
374	15	32
375	11	32
376	22	32
377	16	32
378	12	32
379	13	32
380	19	32
381	20	32
382	14	32
383	24	32
384	17	32
385	18	32
386	21	32
387	10	32
388	27	32
389	13	32
390	17	32
391	23	32
392	8	32
393	18	32
394	16	32
395	10	32
396	15	32
397	13	32
398	13	32
399	26	32
400	17	32
401	14	32
402	14	32
403	24	32
404	12	32
405	16	32
406	14	32
407	15	32
408	18	32
409	15	32
410	10	32
411	11	32
412	8	32
413	14	32
414	16	32
415	28	32
416	13	32
417	15	32
418	14	32
419	21	32
420	15	32
421	11	32
422	15	32
423	13	32
424	13	32
425	12	32
426	20	32
427	15	32
428	13	32
429	22	32
430	14	32
431	16	32
432	19	32
433	17	32
434	21	32
435	22	32
436	15	32
437	15	32
438	13	32
439	15	32
440	13	32
441	16	32
442	22	32
443	18	32
444	12	32
445	14	32
446	19	32
447	21	32
448	13	32
449	16	32
450	18	32
451	20	32
452	25	32
453	16	32
454	30	32
455	15	32
456	18	32
457	16	32
458	16	32
459	12	32
460	10	32
461	17	32
462	18	32
463	12	32
464	19	32
465	18	32
466	17	32
467	15	32
468	15	32
469	18	32
470	13	32
471	12	32
472	16	32
473	13	32
474	16	32
475	15	32
476	16	32
477	18	32
478	17	32
479	15	32
480	15	32
481	17	32
482	14	32
483	18	32
484	17	32
485	13	32
486	24	32
487	16	32
488	16	32
489	20	32
490	16	32
491	14	32
492	13	32
493	15	32
494	23	32
495	14	32
496	14	32
497	11	32
498	21	32
499	25	32
500	15	32
501	7	32
502	13	32
503	18	32
504	12	32
505	12	32
506	11	32
507	17	32
508	16	32
509	16	32
510	14	32
511	10	32
512	10	32
513	18	32
514	12	32
515	13	32
516	15	32
517	15	32
518	15	32
519	16	32
520	20	32
521	18	32
522	16	32
523	14	32
524	12	32
525	16	32
526	28	32
527	16	32
528	15	32
529	22	32
530	15	32
531	15	32
532	17	32
533	14	32
534	16	32
535	16	32
536	18	32
537	17	32
538	10	32
539	14	32
540	17	32
541	7	32
542	12	32
543	11	32
544	15	32
545	17	32
546	21	32
547	12	32
548	13	32
549	20	32
550	20	32
551	19	32
552	15	32
553	13	32
554	15	32
555	15	32
556	20	32
557	13	32
558	19	32
559	24	32
560	13	32
561	18	32
562	19	32
563	12	32
564	17	32
565	16	32
566	20	32
567	12	32
568	8	32
569	15	32
570	24	32
571	14	32
572	14	32
573	23	32
574	21	32
575	18	32
576	17	32
577	19	32
578	22	32
579	16	32
580	19	32
581	13	32
582	11	32
583	15	32
584	20	32
585	20	32
586	10	32
587	16	32
588	19	32
589	15	32
590	18	32
591	13	32
592	18	32
593	20	32
594	23	32
595	13	32
596	16	32
597	13	32
598	13	32
599	14	32
600	10	32
601	13	32
602	9	32
603	22	32
604	16	32
605	20	32
606	27	32
607	25	32
608	17	32
609	14	32
610	13	32
611	21	32
612	13	32
613	13	32
614	16	32
615	14	32
616	14	32
617	12	32
618	13	32
619	11	32
620	15	32
621	12	32
622	14	32
623	18	32
624	21	32
625	14	32
626	16	32
627	14	32
628	14	32
629	13	32
630	17	32
631	18	32
632	19	32
633	17	32
634	25	32
635	20	32
636	10	32
637	13	32
638	17	32
639	16	32
640	15	32
641	13	32
642	12	32
643	17	32
644	17	32
645	13	32
646	23	32
647	15	32
648	14	32
649	14	32
650	13	32
651	11	32
652	15	32
653	20	32
654	13	32
655	18	32
656	18	32
657	25	32
658	9	32
659	24	32
660	12	32
661	17	32
662	12	32
663	15	32
664	22	32
665	15	32
666	16	32
667	18	32
668	10	32
669	18	32
670	18	32
671	16	32
672	13	32
673	21	32
674	9	32
675	11	32
676	12	32
677	11	32
678	12	32
679	17	32
680	20	32
681	10	32
682	16	32
683	17	32
684	10	32
685	22	32
686	19	32
687	15	32
688	14	32
689	14	32
690	14	32
691	13	32
692	16	32
693	13	32
694	12	32
695	13	32
696	16	32
697	17	32
698	18	32
699	16	32
700	20	32
701	17	32
702	10	32
703	17	32
704	12	32
705	14	32
706	16	32
707	14	32
708	18	32
709	13	32
710	20	32
711	14	32
712	12	32
713	12	32
714	14	32
715	17	32
716	22	32
717	17	32
718	21	32
719	23	32
720	13	32
721	19	32
722	14	32
723	10	32
724	15	32
725	15	32
726	16	32
727	19	32
728	20	32
729	18	32
730	19	32
731	15	32
732	9	32
733	17	32
734	19	32
735	15	32
736	10	32
737	11	32
738	23	32
739	15	32
740	20	32
741	13	32
742	10	32
743	14	32
744	21	32
745	15	32
746	12	32
747	16	32
748	22	32
749	16	32
750	15	32
751	11	32
752	13	32
753	18	32
754	18	32
755	13	32
756	12	32
757	13	32
758	11	32
759	9	32
760	17	32
761	17	32
762	13	32
763	20	32
764	12	32
765	17	32
766	12	32
767	19	32
768	17	32
769	11	32
770	21	32
771	29	32
772	15	32
773	16	32
774	20	32
775	12	32
776	12	32
777	16	32
778	12	32
779	21	32
780	12	32
781	12	32
782	15	32
783	21	32
784	12	32
785	13	32
786	14	32
787	12	32
788	18	32
789	17	32
790	15	32
791	14	32
792	15	32
793	13	32
794	13	32
795	16	32
796	19	32
797	13	32
798	18	32
799	17	32
800	14	32
801	12	32
802	13	32
803	10	32
804	12	32
805	18	32
806	10	32
807	22	32
808	9	32
809	16	32
810	17	32
811	15	32
812	17	32
813	16	32
814	16	32
815	14	32
816	18	32
817	12	32
818	15	32
819	13	32
820	19	32
821	13	32
822	18	32
823	17	32
824	14	32
825	20	32
826	16	32
827	19	32
828	18	32
829	13	32
830	10	32
831	20	32
832	13	32
833	13	32
834	20	32
835	12	32
836	25	32
837	11	32
838	12	32
839	23	32
840	18	32
841	13	32
842	14	32
843	20	32
844	15	32
845	17	32
846	11	32
847	9	32
848	11	32
849	15	32
850	15	32
851	13	32
852	22	32
853	16	32
854	9	32
855	20	32
856	18	32
857	16	32
858	20	32
859	14	32
860	11	32
861	20	32
862	14	32
863	17	32
864	12	32
865	20	32
866	21	32
867	15	32
868	19	32
869	18	32
870	22	32
871	14	32
872	13	32
873	18	32
874	19	32
875	20	32
876	12	32
877	16	32
878	17	32
879	17	32
880	17	32
881	14	32
882	13	32
883	12	32
884	27	32
885	17	32
886	18	32
887	16	32
888	18	32
889	12	32
890	10	32
891	12	32
892	12	32
893	14	32
894	11	32
895	18	32
896	14	32
897	15	32
898	11	32
899	19	32
900	17	32
901	18	32
902	16	32
903	17	32
904	15	32
905	17	32
906	20	32
907	16	32
908	18	32
909	15	32
910	21	32
911	11	32
912	11	32
913	16	32
914	21	32
915	12	32
916	20	32
917	14	32
918	12	32
919	16	32
920	19	32
921	18	32
922	19	32
923	12	32
924	9	32
925	9	32
926	16	32
927	11	32
928	19	32
929	16	32
930	25	32
931	17	32
932	19	32
933	11	32
934	8	32
935	21	32
936	17	32
937	23	32
938	9	32
939	14	32
940	7	32
941	17	32
942	16	32
943	18	32
944	21	32
945	12	32
946	22	32
947	16	32
948	18	32
949	18	32
950	24	32
951	12	32
952	17	32
953	20	32
954	17	32
955	10	32
956	14	32
957	14	32
958	9	32
959	14	32
960	10	32
961	11	32
962	21	32
963	12	32
964	11	32
965	20	32
966	14	32
967	15	32
968	11	32
969	17	32
970	14	32
971	18	32
972	17	32
973	15	32
974	16	32
975	35	32
976	8	32
977	17	32
978	14	32
979	15	32
980	12	32
981	11	32
982	13	32
983	12	32
984	23	32
985	22	32
986	15	32
987	23	32
988	19	32
989	10	32
990	13	32
991	6	32
992	21	32
993	12	32
994	12	32
995	15	32
996	13	32
997	15	32
998	13	32
999	17	32
1000	19	32
