random	n_interactions	number_observed
1	7	16
2	8	16
3	8	16
4	11	16
5	8	16
6	10	16
7	3	16
8	10	16
9	9	16
10	10	16
11	5	16
12	11	16
13	8	16
14	9	16
15	13	16
16	12	16
17	6	16
18	7	16
19	11	16
20	7	16
21	10	16
22	12	16
23	10	16
24	11	16
25	5	16
26	9	16
27	8	16
28	6	16
29	6	16
30	5	16
31	11	16
32	10	16
33	5	16
34	11	16
35	11	16
36	10	16
37	7	16
38	14	16
39	9	16
40	13	16
41	10	16
42	17	16
43	9	16
44	7	16
45	10	16
46	10	16
47	12	16
48	8	16
49	17	16
50	12	16
51	7	16
52	12	16
53	15	16
54	9	16
55	12	16
56	9	16
57	15	16
58	14	16
59	7	16
60	13	16
61	7	16
62	11	16
63	14	16
64	9	16
65	11	16
66	16	16
67	10	16
68	10	16
69	12	16
70	7	16
71	9	16
72	12	16
73	6	16
74	8	16
75	11	16
76	4	16
77	5	16
78	9	16
79	8	16
80	6	16
81	11	16
82	7	16
83	7	16
84	22	16
85	14	16
86	10	16
87	12	16
88	8	16
89	12	16
90	13	16
91	8	16
92	12	16
93	8	16
94	14	16
95	13	16
96	13	16
97	16	16
98	5	16
99	8	16
100	7	16
101	12	16
102	8	16
103	8	16
104	10	16
105	8	16
106	10	16
107	10	16
108	12	16
109	15	16
110	12	16
111	15	16
112	11	16
113	6	16
114	10	16
115	17	16
116	10	16
117	4	16
118	10	16
119	10	16
120	7	16
121	6	16
122	10	16
123	5	16
124	8	16
125	6	16
126	11	16
127	11	16
128	11	16
129	10	16
130	12	16
131	10	16
132	6	16
133	7	16
134	8	16
135	9	16
136	13	16
137	13	16
138	10	16
139	12	16
140	6	16
141	10	16
142	11	16
143	5	16
144	9	16
145	7	16
146	11	16
147	10	16
148	11	16
149	9	16
150	12	16
151	11	16
152	6	16
153	12	16
154	14	16
155	12	16
156	6	16
157	7	16
158	9	16
159	7	16
160	5	16
161	13	16
162	11	16
163	6	16
164	8	16
165	7	16
166	11	16
167	11	16
168	14	16
169	12	16
170	12	16
171	6	16
172	10	16
173	10	16
174	8	16
175	9	16
176	12	16
177	9	16
178	5	16
179	8	16
180	6	16
181	14	16
182	12	16
183	11	16
184	10	16
185	8	16
186	13	16
187	8	16
188	5	16
189	10	16
190	14	16
191	10	16
192	8	16
193	8	16
194	10	16
195	11	16
196	12	16
197	12	16
198	12	16
199	8	16
200	11	16
201	8	16
202	16	16
203	10	16
204	12	16
205	9	16
206	4	16
207	7	16
208	7	16
209	8	16
210	9	16
211	7	16
212	8	16
213	9	16
214	9	16
215	9	16
216	5	16
217	8	16
218	10	16
219	10	16
220	8	16
221	9	16
222	9	16
223	11	16
224	11	16
225	12	16
226	8	16
227	6	16
228	6	16
229	8	16
230	9	16
231	9	16
232	9	16
233	10	16
234	12	16
235	11	16
236	8	16
237	12	16
238	8	16
239	11	16
240	9	16
241	7	16
242	9	16
243	12	16
244	12	16
245	13	16
246	11	16
247	12	16
248	6	16
249	11	16
250	5	16
251	9	16
252	13	16
253	10	16
254	12	16
255	15	16
256	15	16
257	5	16
258	18	16
259	9	16
260	7	16
261	10	16
262	15	16
263	10	16
264	8	16
265	12	16
266	12	16
267	12	16
268	15	16
269	11	16
270	10	16
271	7	16
272	12	16
273	10	16
274	8	16
275	10	16
276	17	16
277	10	16
278	10	16
279	10	16
280	16	16
281	12	16
282	8	16
283	12	16
284	10	16
285	12	16
286	10	16
287	6	16
288	6	16
289	7	16
290	14	16
291	5	16
292	8	16
293	11	16
294	19	16
295	5	16
296	9	16
297	7	16
298	10	16
299	3	16
300	8	16
301	13	16
302	8	16
303	12	16
304	8	16
305	7	16
306	9	16
307	9	16
308	9	16
309	6	16
310	6	16
311	14	16
312	12	16
313	12	16
314	11	16
315	6	16
316	9	16
317	7	16
318	10	16
319	9	16
320	5	16
321	10	16
322	8	16
323	9	16
324	12	16
325	9	16
326	12	16
327	7	16
328	12	16
329	9	16
330	6	16
331	11	16
332	6	16
333	7	16
334	10	16
335	10	16
336	11	16
337	10	16
338	4	16
339	7	16
340	11	16
341	9	16
342	5	16
343	9	16
344	11	16
345	10	16
346	6	16
347	12	16
348	6	16
349	12	16
350	14	16
351	7	16
352	14	16
353	7	16
354	9	16
355	9	16
356	11	16
357	9	16
358	8	16
359	9	16
360	9	16
361	7	16
362	10	16
363	11	16
364	19	16
365	11	16
366	6	16
367	10	16
368	9	16
369	11	16
370	18	16
371	12	16
372	5	16
373	14	16
374	11	16
375	11	16
376	12	16
377	6	16
378	11	16
379	8	16
380	10	16
381	10	16
382	12	16
383	11	16
384	15	16
385	12	16
386	9	16
387	6	16
388	6	16
389	12	16
390	12	16
391	16	16
392	9	16
393	6	16
394	8	16
395	10	16
396	14	16
397	12	16
398	12	16
399	5	16
400	10	16
401	12	16
402	11	16
403	13	16
404	16	16
405	18	16
406	10	16
407	12	16
408	11	16
409	12	16
410	8	16
411	8	16
412	18	16
413	10	16
414	8	16
415	9	16
416	14	16
417	15	16
418	4	16
419	8	16
420	13	16
421	13	16
422	6	16
423	12	16
424	9	16
425	9	16
426	5	16
427	9	16
428	8	16
429	11	16
430	15	16
431	6	16
432	14	16
433	9	16
434	8	16
435	11	16
436	7	16
437	13	16
438	14	16
439	8	16
440	14	16
441	10	16
442	6	16
443	10	16
444	7	16
445	9	16
446	15	16
447	7	16
448	10	16
449	9	16
450	18	16
451	6	16
452	16	16
453	10	16
454	11	16
455	9	16
456	17	16
457	8	16
458	13	16
459	7	16
460	8	16
461	15	16
462	10	16
463	8	16
464	11	16
465	8	16
466	9	16
467	11	16
468	8	16
469	9	16
470	9	16
471	19	16
472	9	16
473	7	16
474	8	16
475	15	16
476	12	16
477	7	16
478	13	16
479	9	16
480	8	16
481	9	16
482	12	16
483	9	16
484	7	16
485	14	16
486	12	16
487	10	16
488	13	16
489	9	16
490	11	16
491	10	16
492	8	16
493	7	16
494	11	16
495	21	16
496	11	16
497	7	16
498	13	16
499	12	16
500	7	16
501	4	16
502	7	16
503	14	16
504	10	16
505	8	16
506	23	16
507	9	16
508	8	16
509	11	16
510	8	16
511	9	16
512	11	16
513	15	16
514	11	16
515	9	16
516	9	16
517	5	16
518	9	16
519	12	16
520	7	16
521	14	16
522	12	16
523	9	16
524	10	16
525	10	16
526	13	16
527	8	16
528	9	16
529	10	16
530	6	16
531	10	16
532	9	16
533	11	16
534	8	16
535	6	16
536	6	16
537	10	16
538	6	16
539	5	16
540	12	16
541	12	16
542	15	16
543	9	16
544	10	16
545	7	16
546	10	16
547	9	16
548	13	16
549	5	16
550	3	16
551	8	16
552	10	16
553	10	16
554	16	16
555	12	16
556	10	16
557	9	16
558	9	16
559	8	16
560	11	16
561	14	16
562	5	16
563	11	16
564	9	16
565	11	16
566	8	16
567	13	16
568	12	16
569	12	16
570	8	16
571	7	16
572	12	16
573	16	16
574	11	16
575	11	16
576	5	16
577	6	16
578	11	16
579	15	16
580	14	16
581	15	16
582	6	16
583	7	16
584	5	16
585	12	16
586	9	16
587	8	16
588	11	16
589	9	16
590	12	16
591	10	16
592	5	16
593	9	16
594	7	16
595	11	16
596	4	16
597	6	16
598	8	16
599	5	16
600	7	16
601	10	16
602	10	16
603	8	16
604	9	16
605	13	16
606	4	16
607	9	16
608	11	16
609	8	16
610	15	16
611	9	16
612	7	16
613	5	16
614	11	16
615	4	16
616	5	16
617	9	16
618	5	16
619	6	16
620	10	16
621	13	16
622	7	16
623	14	16
624	8	16
625	10	16
626	11	16
627	7	16
628	11	16
629	6	16
630	6	16
631	11	16
632	6	16
633	10	16
634	9	16
635	8	16
636	9	16
637	8	16
638	7	16
639	11	16
640	7	16
641	8	16
642	8	16
643	7	16
644	7	16
645	7	16
646	8	16
647	7	16
648	11	16
649	6	16
650	9	16
651	10	16
652	7	16
653	10	16
654	8	16
655	5	16
656	11	16
657	11	16
658	6	16
659	9	16
660	12	16
661	9	16
662	10	16
663	8	16
664	6	16
665	8	16
666	4	16
667	9	16
668	15	16
669	9	16
670	10	16
671	15	16
672	10	16
673	8	16
674	9	16
675	6	16
676	13	16
677	7	16
678	6	16
679	12	16
680	13	16
681	5	16
682	5	16
683	9	16
684	7	16
685	9	16
686	6	16
687	8	16
688	11	16
689	12	16
690	8	16
691	4	16
692	11	16
693	13	16
694	10	16
695	8	16
696	8	16
697	8	16
698	12	16
699	9	16
700	12	16
701	8	16
702	6	16
703	11	16
704	8	16
705	10	16
706	9	16
707	11	16
708	7	16
709	8	16
710	10	16
711	3	16
712	12	16
713	12	16
714	8	16
715	6	16
716	9	16
717	10	16
718	12	16
719	7	16
720	8	16
721	8	16
722	7	16
723	14	16
724	9	16
725	7	16
726	2	16
727	7	16
728	9	16
729	12	16
730	8	16
731	17	16
732	6	16
733	10	16
734	13	16
735	13	16
736	12	16
737	9	16
738	9	16
739	11	16
740	7	16
741	8	16
742	4	16
743	12	16
744	7	16
745	9	16
746	12	16
747	14	16
748	9	16
749	11	16
750	8	16
751	11	16
752	7	16
753	10	16
754	8	16
755	12	16
756	7	16
757	12	16
758	7	16
759	10	16
760	6	16
761	13	16
762	10	16
763	13	16
764	9	16
765	10	16
766	10	16
767	5	16
768	10	16
769	7	16
770	9	16
771	9	16
772	11	16
773	8	16
774	7	16
775	8	16
776	16	16
777	14	16
778	8	16
779	10	16
780	7	16
781	6	16
782	6	16
783	8	16
784	6	16
785	8	16
786	10	16
787	15	16
788	12	16
789	7	16
790	12	16
791	11	16
792	9	16
793	5	16
794	8	16
795	13	16
796	9	16
797	14	16
798	12	16
799	9	16
800	8	16
801	10	16
802	8	16
803	12	16
804	10	16
805	9	16
806	9	16
807	10	16
808	12	16
809	8	16
810	11	16
811	6	16
812	9	16
813	8	16
814	5	16
815	8	16
816	14	16
817	9	16
818	9	16
819	13	16
820	9	16
821	12	16
822	11	16
823	7	16
824	7	16
825	9	16
826	9	16
827	11	16
828	6	16
829	11	16
830	8	16
831	12	16
832	6	16
833	6	16
834	10	16
835	8	16
836	10	16
837	10	16
838	9	16
839	8	16
840	8	16
841	14	16
842	12	16
843	6	16
844	9	16
845	13	16
846	8	16
847	15	16
848	10	16
849	9	16
850	10	16
851	11	16
852	7	16
853	6	16
854	6	16
855	9	16
856	9	16
857	12	16
858	10	16
859	8	16
860	7	16
861	13	16
862	10	16
863	8	16
864	7	16
865	7	16
866	11	16
867	14	16
868	7	16
869	9	16
870	9	16
871	14	16
872	14	16
873	13	16
874	9	16
875	8	16
876	10	16
877	9	16
878	15	16
879	12	16
880	12	16
881	7	16
882	9	16
883	7	16
884	16	16
885	7	16
886	9	16
887	15	16
888	12	16
889	11	16
890	11	16
891	6	16
892	8	16
893	6	16
894	17	16
895	7	16
896	9	16
897	12	16
898	15	16
899	14	16
900	9	16
901	11	16
902	11	16
903	13	16
904	5	16
905	11	16
906	11	16
907	15	16
908	10	16
909	14	16
910	9	16
911	14	16
912	13	16
913	5	16
914	9	16
915	7	16
916	12	16
917	10	16
918	8	16
919	9	16
920	13	16
921	8	16
922	7	16
923	13	16
924	2	16
925	11	16
926	7	16
927	11	16
928	8	16
929	17	16
930	9	16
931	14	16
932	10	16
933	13	16
934	7	16
935	7	16
936	11	16
937	10	16
938	7	16
939	11	16
940	12	16
941	9	16
942	8	16
943	9	16
944	12	16
945	15	16
946	15	16
947	9	16
948	11	16
949	12	16
950	11	16
951	7	16
952	15	16
953	10	16
954	10	16
955	11	16
956	11	16
957	7	16
958	15	16
959	16	16
960	8	16
961	6	16
962	12	16
963	9	16
964	10	16
965	6	16
966	10	16
967	8	16
968	10	16
969	8	16
970	17	16
971	10	16
972	7	16
973	6	16
974	7	16
975	10	16
976	12	16
977	11	16
978	6	16
979	10	16
980	8	16
981	8	16
982	12	16
983	14	16
984	10	16
985	11	16
986	8	16
987	12	16
988	9	16
989	12	16
990	9	16
991	8	16
992	10	16
993	12	16
994	11	16
995	12	16
996	6	16
997	7	16
998	12	16
999	8	16
1000	5	16
