random	n_interactions	number_observed
1	13	19
2	14	19
3	10	19
4	13	19
5	18	19
6	15	19
7	11	19
8	14	19
9	15	19
10	17	19
11	12	19
12	15	19
13	14	19
14	16	19
15	15	19
16	12	19
17	12	19
18	15	19
19	12	19
20	13	19
21	15	19
22	15	19
23	11	19
24	16	19
25	13	19
26	11	19
27	15	19
28	15	19
29	15	19
30	15	19
31	12	19
32	13	19
33	15	19
34	16	19
35	11	19
36	12	19
37	14	19
38	14	19
39	12	19
40	15	19
41	15	19
42	12	19
43	13	19
44	16	19
45	13	19
46	15	19
47	15	19
48	11	19
49	14	19
50	17	19
51	17	19
52	15	19
53	20	19
54	12	19
55	17	19
56	11	19
57	10	19
58	14	19
59	16	19
60	13	19
61	15	19
62	13	19
63	12	19
64	17	19
65	17	19
66	14	19
67	12	19
68	10	19
69	13	19
70	15	19
71	18	19
72	16	19
73	14	19
74	16	19
75	14	19
76	10	19
77	11	19
78	14	19
79	13	19
80	11	19
81	17	19
82	13	19
83	11	19
84	13	19
85	12	19
86	16	19
87	12	19
88	11	19
89	10	19
90	15	19
91	13	19
92	14	19
93	11	19
94	13	19
95	17	19
96	15	19
97	14	19
98	15	19
99	8	19
100	10	19
101	17	19
102	12	19
103	18	19
104	11	19
105	15	19
106	11	19
107	12	19
108	12	19
109	13	19
110	12	19
111	17	19
112	16	19
113	19	19
114	16	19
115	17	19
116	16	19
117	12	19
118	12	19
119	16	19
120	13	19
121	11	19
122	12	19
123	14	19
124	16	19
125	15	19
126	16	19
127	10	19
128	15	19
129	17	19
130	15	19
131	14	19
132	11	19
133	11	19
134	15	19
135	13	19
136	12	19
137	13	19
138	15	19
139	15	19
140	11	19
141	17	19
142	13	19
143	14	19
144	19	19
145	13	19
146	15	19
147	11	19
148	12	19
149	15	19
150	16	19
151	12	19
152	15	19
153	16	19
154	18	19
155	12	19
156	16	19
157	16	19
158	14	19
159	12	19
160	15	19
161	12	19
162	14	19
163	14	19
164	18	19
165	15	19
166	18	19
167	13	19
168	17	19
169	12	19
170	20	19
171	11	19
172	7	19
173	10	19
174	12	19
175	14	19
176	19	19
177	12	19
178	16	19
179	16	19
180	13	19
181	15	19
182	16	19
183	15	19
184	14	19
185	13	19
186	13	19
187	13	19
188	14	19
189	9	19
190	8	19
191	10	19
192	12	19
193	14	19
194	13	19
195	16	19
196	15	19
197	8	19
198	14	19
199	11	19
200	17	19
201	11	19
202	17	19
203	13	19
204	12	19
205	16	19
206	15	19
207	21	19
208	14	19
209	12	19
210	10	19
211	15	19
212	13	19
213	15	19
214	15	19
215	14	19
216	13	19
217	13	19
218	15	19
219	19	19
220	13	19
221	15	19
222	15	19
223	9	19
224	14	19
225	12	19
226	12	19
227	11	19
228	12	19
229	16	19
230	11	19
231	12	19
232	11	19
233	12	19
234	15	19
235	12	19
236	12	19
237	14	19
238	15	19
239	12	19
240	17	19
241	14	19
242	9	19
243	17	19
244	17	19
245	15	19
246	10	19
247	18	19
248	16	19
249	22	19
250	12	19
251	16	19
252	16	19
253	12	19
254	11	19
255	13	19
256	19	19
257	16	19
258	13	19
259	15	19
260	15	19
261	13	19
262	12	19
263	16	19
264	12	19
265	14	19
266	14	19
267	13	19
268	13	19
269	18	19
270	13	19
271	13	19
272	13	19
273	10	19
274	12	19
275	16	19
276	17	19
277	15	19
278	14	19
279	11	19
280	11	19
281	14	19
282	15	19
283	17	19
284	17	19
285	15	19
286	17	19
287	15	19
288	9	19
289	12	19
290	18	19
291	17	19
292	14	19
293	11	19
294	17	19
295	12	19
296	12	19
297	10	19
298	15	19
299	10	19
300	15	19
301	19	19
302	15	19
303	18	19
304	14	19
305	10	19
306	15	19
307	16	19
308	14	19
309	15	19
310	12	19
311	17	19
312	14	19
313	14	19
314	14	19
315	18	19
316	13	19
317	15	19
318	13	19
319	12	19
320	16	19
321	14	19
322	11	19
323	11	19
324	16	19
325	13	19
326	14	19
327	14	19
328	16	19
329	16	19
330	13	19
331	9	19
332	17	19
333	11	19
334	11	19
335	15	19
336	12	19
337	12	19
338	14	19
339	13	19
340	13	19
341	13	19
342	15	19
343	10	19
344	13	19
345	14	19
346	14	19
347	16	19
348	13	19
349	10	19
350	14	19
351	11	19
352	12	19
353	16	19
354	15	19
355	14	19
356	15	19
357	15	19
358	15	19
359	11	19
360	13	19
361	13	19
362	13	19
363	13	19
364	12	19
365	12	19
366	10	19
367	14	19
368	13	19
369	14	19
370	18	19
371	11	19
372	13	19
373	13	19
374	10	19
375	14	19
376	9	19
377	14	19
378	9	19
379	15	19
380	13	19
381	16	19
382	12	19
383	14	19
384	15	19
385	14	19
386	11	19
387	14	19
388	15	19
389	13	19
390	19	19
391	12	19
392	18	19
393	17	19
394	14	19
395	14	19
396	12	19
397	17	19
398	14	19
399	12	19
400	12	19
401	14	19
402	16	19
403	9	19
404	13	19
405	18	19
406	13	19
407	13	19
408	15	19
409	11	19
410	13	19
411	14	19
412	13	19
413	15	19
414	13	19
415	13	19
416	15	19
417	13	19
418	11	19
419	13	19
420	15	19
421	11	19
422	9	19
423	12	19
424	13	19
425	15	19
426	13	19
427	18	19
428	12	19
429	15	19
430	11	19
431	16	19
432	13	19
433	16	19
434	12	19
435	15	19
436	12	19
437	13	19
438	16	19
439	11	19
440	17	19
441	13	19
442	16	19
443	14	19
444	13	19
445	15	19
446	19	19
447	16	19
448	15	19
449	11	19
450	12	19
451	19	19
452	10	19
453	18	19
454	13	19
455	17	19
456	10	19
457	17	19
458	13	19
459	14	19
460	13	19
461	12	19
462	12	19
463	14	19
464	11	19
465	12	19
466	14	19
467	16	19
468	16	19
469	17	19
470	16	19
471	13	19
472	16	19
473	12	19
474	21	19
475	16	19
476	11	19
477	15	19
478	18	19
479	16	19
480	14	19
481	12	19
482	16	19
483	10	19
484	16	19
485	12	19
486	12	19
487	13	19
488	20	19
489	17	19
490	13	19
491	11	19
492	15	19
493	17	19
494	14	19
495	15	19
496	13	19
497	9	19
498	14	19
499	10	19
500	16	19
501	13	19
502	13	19
503	15	19
504	14	19
505	13	19
506	16	19
507	9	19
508	15	19
509	11	19
510	17	19
511	17	19
512	14	19
513	16	19
514	15	19
515	13	19
516	11	19
517	9	19
518	11	19
519	14	19
520	17	19
521	11	19
522	13	19
523	14	19
524	15	19
525	9	19
526	11	19
527	14	19
528	15	19
529	18	19
530	13	19
531	13	19
532	15	19
533	18	19
534	12	19
535	15	19
536	15	19
537	18	19
538	9	19
539	16	19
540	11	19
541	13	19
542	11	19
543	14	19
544	13	19
545	15	19
546	12	19
547	15	19
548	15	19
549	13	19
550	10	19
551	9	19
552	17	19
553	14	19
554	12	19
555	13	19
556	7	19
557	10	19
558	14	19
559	15	19
560	12	19
561	11	19
562	12	19
563	19	19
564	15	19
565	14	19
566	10	19
567	10	19
568	16	19
569	12	19
570	15	19
571	17	19
572	14	19
573	16	19
574	15	19
575	17	19
576	13	19
577	12	19
578	12	19
579	14	19
580	11	19
581	15	19
582	19	19
583	10	19
584	14	19
585	16	19
586	13	19
587	12	19
588	17	19
589	14	19
590	13	19
591	9	19
592	14	19
593	16	19
594	17	19
595	12	19
596	20	19
597	12	19
598	16	19
599	13	19
600	17	19
601	16	19
602	20	19
603	14	19
604	17	19
605	13	19
606	18	19
607	15	19
608	13	19
609	11	19
610	10	19
611	17	19
612	14	19
613	17	19
614	12	19
615	11	19
616	13	19
617	12	19
618	13	19
619	12	19
620	13	19
621	12	19
622	12	19
623	13	19
624	11	19
625	15	19
626	12	19
627	16	19
628	16	19
629	14	19
630	13	19
631	17	19
632	16	19
633	16	19
634	11	19
635	16	19
636	11	19
637	11	19
638	15	19
639	10	19
640	17	19
641	17	19
642	15	19
643	12	19
644	10	19
645	18	19
646	14	19
647	16	19
648	15	19
649	12	19
650	16	19
651	13	19
652	12	19
653	14	19
654	12	19
655	13	19
656	17	19
657	15	19
658	18	19
659	13	19
660	17	19
661	14	19
662	17	19
663	12	19
664	15	19
665	13	19
666	17	19
667	17	19
668	15	19
669	16	19
670	14	19
671	13	19
672	14	19
673	16	19
674	17	19
675	16	19
676	10	19
677	13	19
678	13	19
679	17	19
680	18	19
681	12	19
682	14	19
683	12	19
684	11	19
685	20	19
686	20	19
687	16	19
688	11	19
689	15	19
690	11	19
691	13	19
692	9	19
693	12	19
694	15	19
695	16	19
696	12	19
697	16	19
698	15	19
699	13	19
700	13	19
701	12	19
702	14	19
703	13	19
704	15	19
705	13	19
706	12	19
707	11	19
708	17	19
709	16	19
710	11	19
711	15	19
712	14	19
713	15	19
714	14	19
715	17	19
716	17	19
717	14	19
718	17	19
719	15	19
720	15	19
721	17	19
722	12	19
723	17	19
724	12	19
725	14	19
726	16	19
727	17	19
728	15	19
729	14	19
730	16	19
731	16	19
732	12	19
733	14	19
734	17	19
735	17	19
736	18	19
737	15	19
738	16	19
739	9	19
740	10	19
741	15	19
742	13	19
743	15	19
744	13	19
745	17	19
746	14	19
747	13	19
748	12	19
749	14	19
750	13	19
751	14	19
752	10	19
753	14	19
754	19	19
755	12	19
756	11	19
757	17	19
758	18	19
759	15	19
760	12	19
761	15	19
762	12	19
763	13	19
764	13	19
765	11	19
766	14	19
767	17	19
768	15	19
769	11	19
770	15	19
771	14	19
772	15	19
773	21	19
774	12	19
775	12	19
776	17	19
777	21	19
778	11	19
779	12	19
780	15	19
781	18	19
782	10	19
783	14	19
784	14	19
785	11	19
786	12	19
787	12	19
788	15	19
789	15	19
790	11	19
791	16	19
792	13	19
793	12	19
794	17	19
795	12	19
796	18	19
797	17	19
798	13	19
799	12	19
800	14	19
801	14	19
802	20	19
803	13	19
804	15	19
805	10	19
806	16	19
807	14	19
808	12	19
809	16	19
810	12	19
811	17	19
812	13	19
813	13	19
814	16	19
815	15	19
816	17	19
817	16	19
818	15	19
819	13	19
820	15	19
821	16	19
822	18	19
823	14	19
824	14	19
825	13	19
826	16	19
827	17	19
828	13	19
829	14	19
830	14	19
831	13	19
832	10	19
833	16	19
834	22	19
835	11	19
836	14	19
837	16	19
838	19	19
839	18	19
840	12	19
841	12	19
842	14	19
843	17	19
844	10	19
845	17	19
846	16	19
847	14	19
848	13	19
849	14	19
850	17	19
851	17	19
852	14	19
853	15	19
854	12	19
855	18	19
856	14	19
857	14	19
858	16	19
859	13	19
860	15	19
861	14	19
862	11	19
863	13	19
864	13	19
865	13	19
866	11	19
867	13	19
868	14	19
869	12	19
870	18	19
871	14	19
872	13	19
873	11	19
874	14	19
875	13	19
876	13	19
877	17	19
878	14	19
879	14	19
880	20	19
881	12	19
882	14	19
883	16	19
884	15	19
885	14	19
886	15	19
887	15	19
888	21	19
889	10	19
890	18	19
891	9	19
892	10	19
893	11	19
894	17	19
895	14	19
896	16	19
897	14	19
898	13	19
899	13	19
900	15	19
901	19	19
902	18	19
903	19	19
904	10	19
905	14	19
906	13	19
907	16	19
908	12	19
909	15	19
910	13	19
911	12	19
912	17	19
913	15	19
914	14	19
915	17	19
916	16	19
917	18	19
918	12	19
919	11	19
920	12	19
921	12	19
922	16	19
923	16	19
924	15	19
925	8	19
926	16	19
927	15	19
928	12	19
929	12	19
930	14	19
931	11	19
932	12	19
933	13	19
934	16	19
935	10	19
936	15	19
937	15	19
938	15	19
939	20	19
940	8	19
941	12	19
942	14	19
943	14	19
944	13	19
945	15	19
946	13	19
947	14	19
948	17	19
949	19	19
950	14	19
951	16	19
952	13	19
953	13	19
954	14	19
955	15	19
956	14	19
957	15	19
958	17	19
959	18	19
960	13	19
961	16	19
962	14	19
963	9	19
964	10	19
965	15	19
966	13	19
967	16	19
968	14	19
969	9	19
970	11	19
971	15	19
972	17	19
973	14	19
974	18	19
975	16	19
976	17	19
977	14	19
978	9	19
979	12	19
980	16	19
981	13	19
982	14	19
983	13	19
984	12	19
985	14	19
986	13	19
987	18	19
988	11	19
989	13	19
990	14	19
991	18	19
992	16	19
993	15	19
994	8	19
995	12	19
996	13	19
997	18	19
998	17	19
999	14	19
1000	14	19
